0 1
0 2
0 3
0 4
0 5
0 6
0 7
0 11
0 13
0 15
0 22
0 25
0 26
0 27
0 30
0 31
0 32
0 34
0 35
0 36
0 43
0 46
0 47
0 50
0 51
0 60
0 62
0 65
0 80
0 92
0 111
0 116
0 119
0 128
0 129
0 131
0 134
0 135
0 137
0 139
0 143
0 146
0 153
0 155
0 156
0 170
0 179
0 195
0 201
0 211
0 214
0 227
0 228
0 233
0 235
0 238
0 247
0 257
0 263
0 266
0 267
0 272
0 277
0 278
0 281
0 282
0 283
0 284
0 291
0 303
0 304
0 316
0 317
0 322
0 324
0 326
0 338
0 344
0 345
0 353
0 359
0 361
0 367
0 379
0 381
0 406
0 414
0 422
0 436
0 438
0 447
0 449
0 458
0 459
0 460
0 461
0 471
0 477
0 478
0 493
0 517
0 518
0 523
0 528
0 529
0 545
0 550
0 575
0 580
0 607
0 613
0 626
0 630
0 703
0 713
0 749
0 800
0 817
0 837
0 852
0 887
0 900
0 906
0 925
0 932
0 934
0 937
0 940
0 941
0 984
1 2
1 3
1 5
1 7
1 8
1 9
1 11
1 12
1 13
1 14
1 16
1 18
1 19
1 21
1 24
1 25
1 26
1 30
1 33
1 40
1 53
1 55
1 58
1 62
1 67
1 73
1 76
1 78
1 83
1 87
1 96
1 131
1 133
1 139
1 142
1 152
1 157
1 169
1 172
1 174
1 187
1 190
1 191
1 193
1 195
1 201
1 205
1 208
1 215
1 223
1 229
1 241
1 242
1 244
1 249
1 257
1 258
1 285
1 303
1 316
1 318
1 320
1 334
1 347
1 363
1 372
1 384
1 388
1 394
1 415
1 425
1 435
1 441
1 450
1 452
1 478
1 481
1 499
1 507
1 509
1 514
1 516
1 533
1 542
1 545
1 551
1 552
1 560
1 570
1 574
1 597
1 603
1 606
1 618
1 620
1 622
1 630
1 638
1 640
1 678
1 697
1 720
1 724
1 737
1 740
1 749
1 781
1 784
1 792
1 797
1 807
1 827
1 834
1 860
1 867
1 877
1 888
1 893
1 916
1 927
1 958
1 960
1 966
1 967
1 983
2 3
2 4
2 6
2 7
2 8
2 11
2 13
2 14
2 20
2 24
2 25
2 27
2 33
2 37
2 44
2 45
2 50
2 51
2 54
2 56
2 59
2 63
2 64
2 66
2 74
2 75
2 82
2 95
2 96
2 103
2 108
2 109
2 119
2 122
2 123
2 142
2 147
2 150
2 151
2 164
2 165
2 180
2 188
2 197
2 204
2 206
2 210
2 212
2 214
2 226
2 233
2 237
2 240
2 244
2 249
2 251
2 256
2 260
2 272
2 299
2 300
2 343
2 345
2 354
2 360
2 377
2 401
2 404
2 408
2 417
2 463
2 479
2 497
2 527
2 541
2 544
2 545
2 550
2 557
2 560
2 565
2 566
2 567
2 571
2 573
2 578
2 583
2 599
2 613
2 620
2 625
2 629
2 636
2 639
2 644
2 662
2 665
2 666
2 672
2 673
2 677
2 698
2 709
2 726
2 734
2 791
2 799
2 816
2 827
2 845
2 850
2 856
2 865
2 873
2 921
2 954
2 983
2 993
3 4
3 5
3 6
3 8
3 9
3 10
3 12
3 13
3 15
3 16
3 17
3 19
3 24
3 28
3 30
3 34
3 35
3 38
3 40
3 43
3 44
3 46
3 47
3 48
3 50
3 52
3 54
3 56
3 65
3 68
3 72
3 73
3 77
3 78
3 80
3 85
3 88
3 89
3 94
3 110
3 111
3 122
3 123
3 133
3 135
3 138
3 140
3 144
3 145
3 148
3 151
3 153
3 160
3 169
3 176
3 178
3 183
3 185
3 186
3 197
3 206
3 207
3 221
3 230
3 237
3 239
3 253
3 254
3 259
3 271
3 272
3 275
3 276
3 277
3 281
3 294
3 295
3 297
3 298
3 300
3 303
3 308
3 312
3 315
3 319
3 326
3 328
3 329
3 330
3 341
3 342
3 346
3 350
3 370
3 383
3 393
3 395
3 401
3 403
3 405
3 411
3 413
3 422
3 434
3 440
3 442
3 447
3 452
3 453
3 457
3 462
3 488
3 489
3 502
3 512
3 524
3 540
3 545
3 552
3 561
3 562
3 577
3 580
3 582
3 588
3 596
3 598
3 620
3 622
3 623
3 631
3 632
3 650
3 662
3 677
3 682
3 687
3 692
3 710
3 727
3 731
3 738
3 739
3 744
3 769
3 771
3 782
3 785
3 811
3 822
3 829
3 835
3 845
3 849
3 852
3 853
3 855
3 864
3 871
3 877
3 886
3 917
3 941
3 952
3 958
3 983
3 986
3 992
4 6
4 7
4 8
4 10
4 11
4 13
4 15
4 17
4 27
4 33
4 34
4 38
4 39
4 40
4 44
4 46
4 50
4 52
4 58
4 60
4 65
4 71
4 74
4 89
4 106
4 112
4 122
4 128
4 129
4 133
4 134
4 135
4 136
4 141
4 145
4 146
4 149
4 175
4 184
4 185
4 192
4 194
4 202
4 226
4 232
4 252
4 264
4 266
4 289
4 297
4 305
4 312
4 324
4 327
4 342
4 345
4 379
4 392
4 451
4 473
4 484
4 501
4 508
4 527
4 556
4 582
4 604
4 622
4 629
4 632
4 661
4 679
4 685
4 704
4 711
4 715
4 717
4 730
4 734
4 740
4 741
4 749
4 753
4 756
4 774
4 794
4 860
4 864
4 865
4 869
4 876
4 879
4 994
5 7
5 8
5 9
5 12
5 16
5 18
5 20
5 21
5 22
5 23
5 25
5 30
5 34
5 35
5 45
5 49
5 78
5 79
5 83
5 92
5 93
5 104
5 111
5 125
5 141
5 201
5 204
5 213
5 217
5 247
5 248
5 296
5 320
5 326
5 363
5 366
5 371
5 389
5 411
5 450
5 471
5 494
5 507
5 523
5 526
5 546
5 570
5 581
5 605
5 610
5 625
5 634
5 640
5 648
5 653
5 662
5 670
5 686
5 698
5 803
5 820
5 825
5 827
5 936
6 8
6 10
6 13
6 17
6 19
6 20
6 38
6 40
6 44
6 56
6 68
6 91
6 95
6 106
6 134
6 159
6 160
6 175
6 178
6 199
6 213
6 214
6 216
6 219
6 220
6 265
6 327
6 339
6 349
6 377
6 390
6 394
6 447
6 465
6 489
6 500
6 504
6 530
6 532
6 536
6 563
6 568
6 603
6 629
6 641
6 723
6 724
6 727
6 739
6 789
6 802
6 857
6 863
6 891
6 914
6 919
6 965
7 11
7 16
7 22
7 26
7 27
7 29
7 31
7 35
7 37
7 41
7 47
7 50
7 53
7 55
7 60
7 61
7 83
7 109
7 111
7 116
7 131
7 132
7 136
7 166
7 191
7 201
7 211
7 217
7 220
7 247
7 269
7 284
7 299
7 315
7 381
7 390
7 427
7 438
7 450
7 473
7 487
7 505
7 523
7 529
7 558
7 567
7 579
7 650
7 661
7 735
7 749
7 817
7 841
7 874
7 918
11 16
11 22
11 26
11 29
11 33
11 40
11 84
11 107
11 149
11 166
11 179
11 188
11 190
11 299
11 310
11 316
11 342
11 352
11 374
11 406
11 434
11 477
11 496
11 501
11 516
11 528
11 548
11 626
11 638
11 661
11 735
11 793
11 927
13 14
13 25
13 51
13 54
13 123
13 134
13 179
13 186
13 244
13 291
13 294
13 342
13 369
13 492
13 509
13 565
13 601
13 622
13 648
13 659
13 682
13 727
13 771
13 777
13 809
13 821
13 823
13 835
13 849
15 10
15 12
15 27
15 34
15 35
15 36
15 43
15 47
15 52
15 62
15 70
15 77
15 89
15 101
15 104
15 110
15 113
15 115
15 139
15 148
15 159
15 182
15 186
15 189
15 193
15 252
15 298
15 307
15 315
15 392
15 413
15 447
15 448
15 464
15 488
15 491
15 508
15 534
15 558
15 575
15 595
15 631
15 753
15 833
15 866
15 872
15 881
15 946
15 978
22 16
22 20
22 23
22 26
22 28
22 29
22 31
22 32
22 41
22 43
22 81
22 86
22 100
22 111
22 171
22 177
22 211
22 218
22 220
22 235
22 238
22 255
22 269
22 270
22 285
22 310
22 337
22 360
22 362
22 372
22 374
22 389
22 424
22 433
22 445
22 471
22 506
22 519
22 528
22 537
22 572
22 630
22 634
22 654
22 655
22 683
22 688
22 743
22 829
22 844
22 846
22 904
22 984
22 985
22 987
25 14
25 26
25 34
25 37
25 51
25 58
25 64
25 66
25 84
25 85
25 93
25 114
25 131
25 170
25 180
25 212
25 221
25 256
25 274
25 280
25 291
25 296
25 308
25 325
25 331
25 332
25 333
25 349
25 412
25 417
25 437
25 470
25 502
25 579
25 583
25 601
25 608
25 619
25 630
25 668
25 672
25 765
25 796
25 826
25 827
25 875
25 876
25 882
25 928
25 944
25 993
26 29
26 30
26 41
26 58
26 66
26 83
26 124
26 132
26 157
26 177
26 179
26 215
26 218
26 223
26 250
26 255
26 287
26 310
26 333
26 340
26 434
26 481
26 497
26 519
26 579
26 587
26 674
26 678
26 725
26 737
26 752
26 771
26 793
26 819
26 846
26 943
26 978
26 987
27 36
27 37
27 52
27 70
27 71
27 109
27 119
27 146
27 197
27 206
27 223
27 305
27 307
27 361
27 451
27 518
27 529
27 559
27 565
27 582
27 613
27 730
27 776
27 834
27 856
27 879
27 931
27 973
30 157
30 250
30 255
30 257
30 471
30 476
30 497
30 607
30 767
30 819
31 12
31 17
31 24
31 32
31 42
31 47
31 53
31 60
31 63
31 86
31 92
31 111
31 137
31 181
31 209
31 246
31 274
31 313
31 403
31 404
31 420
31 423
31 436
31 448
31 458
31 463
31 505
31 585
31 609
31 665
31 684
31 713
31 784
32 20
32 28
32 81
32 86
32 92
32 143
32 246
32 269
32 270
32 285
32 423
32 436
32 444
32 466
32 506
32 555
32 594
32 630
32 646
32 789
32 829
32 843
32 966
34 51
34 93
34 185
34 201
34 238
34 363
34 494
34 581
34 711
34 829
34 896
34 941
35 12
35 38
35 47
35 50
35 89
35 101
35 153
35 165
35 182
35 217
35 282
35 284
35 326
35 328
35 381
35 390
35 406
35 453
35 508
35 520
35 550
35 762
35 790
35 821
35 946
36 9
36 10
36 12
36 57
36 70
36 91
36 109
36 138
36 223
36 230
36 321
36 334
36 439
36 464
36 474
36 495
36 551
36 571
36 761
36 778
36 832
36 838
36 898
43 16
43 20
43 46
43 62
43 65
43 77
43 100
43 140
43 153
43 189
43 206
43 235
43 240
43 252
43 280
43 282
43 298
43 302
43 324
43 336
43 392
43 432
43 445
43 448
43 449
43 453
43 486
43 524
43 642
43 667
43 690
43 743
43 747
43 791
43 871
43 891
43 944
46 40
46 56
46 65
46 80
46 88
46 96
46 122
46 127
46 144
46 183
46 221
46 230
46 281
46 282
46 295
46 306
46 327
46 340
46 357
46 387
46 489
46 545
46 547
46 674
46 683
46 744
46 769
46 776
46 824
46 826
46 848
46 854
46 864
46 909
47 60
47 110
47 131
47 153
47 182
47 247
47 272
47 458
47 491
47 646
47 739
47 918
47 952
47 986
50 116
50 136
50 151
50 276
50 284
50 297
50 317
50 326
50 328
50 346
50 370
50 391
50 423
50 435
50 440
50 459
50 461
50 468
50 491
50 520
50 617
50 762
50 906
50 989
51 54
51 64
51 85
51 90
51 97
51 99
51 108
51 128
51 162
51 170
51 181
51 195
51 214
51 221
51 224
51 226
51 238
51 291
51 297
51 313
51 316
51 325
51 369
51 470
51 480
51 482
51 494
51 497
51 503
51 531
51 614
51 635
51 645
51 648
51 810
51 823
51 871
51 893
60 65
60 136
60 175
60 184
60 438
60 458
60 794
62 8
62 18
62 67
62 82
62 102
62 125
62 132
62 139
62 153
62 155
62 189
62 216
62 235
62 266
62 302
62 310
62 325
62 352
62 416
62 430
62 475
62 503
62 534
62 553
62 569
62 636
62 687
62 728
62 770
62 868
65 128
65 140
65 169
65 228
65 240
65 273
65 314
65 324
65 366
65 557
65 714
65 732
65 774
65 794
65 910
65 981
80 48
80 52
80 59
80 88
80 127
80 130
80 146
80 237
80 329
80 511
80 545
80 633
80 854
80 902
80 932
92 20
92 49
92 137
92 143
92 150
92 177
92 204
92 213
92 246
92 248
92 274
92 311
92 366
92 422
92 443
92 519
92 543
92 546
92 601
92 658
92 858
111 247
111 263
111 277
111 322
111 353
111 422
111 505
111 523
111 713
111 803
111 820
111 853
116 8
116 18
116 82
116 136
116 317
116 438
116 461
116 468
116 711
116 961
116 968
119 93
119 98
119 100
119 197
119 233
119 240
119 249
119 279
119 283
119 284
119 343
119 426
119 571
119 709
119 716
119 755
119 763
119 776
119 834
119 973
119 982
128 97
128 99
128 129
128 264
128 267
128 324
128 451
128 493
128 557
128 887
128 981
129 45
129 98
129 100
129 135
129 156
129 264
129 267
129 289
129 291
129 338
129 498
129 554
129 696
129 903
129 988
129 994
131 58
131 211
131 247
131 272
131 415
131 427
131 487
131 630
131 646
131 668
131 792
131 825
131 826
131 912
131 986
134 52
134 71
134 179
134 214
134 227
134 381
134 390
134 584
134 615
134 659
134 727
134 795
134 925
134 937
134 941
135 19
135 28
135 138
135 156
135 160
135 197
135 254
135 330
135 337
135 339
135 370
135 440
135 485
135 493
135 554
135 610
135 676
135 689
135 723
135 748
135 749
135 751
135 759
135 994
137 17
137 61
137 118
137 140
137 152
137 174
137 189
137 422
137 660
137 702
137 713
137 734
137 761
137 863
137 921
139 67
139 797
143 10
143 12
143 104
143 256
143 329
143 412
146 48
146 52
146 234
146 237
146 379
146 407
146 428
146 451
146 508
146 518
146 534
146 559
146 590
146 669
146 675
146 938
146 969
153 155
153 325
153 449
153 517
153 739
155 20
155 55
155 127
155 235
155 325
155 380
155 414
155 431
155 517
155 569
156 37
156 45
156 72
156 167
156 173
156 227
156 264
156 382
156 397
156 410
156 526
156 546
156 554
156 587
156 595
156 615
156 731
156 766
156 794
156 880
156 894
156 979
170 75
170 79
170 158
170 195
170 221
170 430
170 442
170 460
170 482
170 945
179 29
179 287
179 293
179 352
179 381
179 421
179 575
179 584
179 659
179 673
179 809
179 978
179 995
195 16
195 40
195 316
195 425
195 482
195 620
195 656
195 680
195 708
195 798
195 966
201 191
201 363
201 749
211 28
211 171
211 337
211 427
211 450
211 844
214 64
214 226
214 227
214 228
214 297
214 390
214 447
214 461
214 483
214 494
214 615
214 795
227 45
227 173
227 228
227 278
227 526
227 546
227 595
227 694
227 838
227 925
227 934
227 947
228 140
228 169
228 278
228 314
228 366
228 584
228 732
233 45
233 93
233 100
233 240
233 250
233 283
233 424
233 599
233 742
233 786
235 16
235 266
235 304
235 414
235 445
235 488
235 569
235 868
238 41
238 177
238 923
247 263
247 281
247 344
247 359
247 478
247 820
247 918
247 986
257 90
257 99
257 176
257 265
257 702
257 801
263 9
263 12
263 253
263 281
263 322
263 525
263 713
266 175
266 184
266 304
266 488
266 991
267 10
267 178
267 205
267 291
267 321
267 493
267 498
267 549
272 151
272 646
272 816
277 10
277 175
277 205
277 303
277 353
277 422
277 495
277 693
277 767
277 803
277 887
277 917
278 10
278 42
278 48
278 787
278 934
281 221
281 340
281 344
281 367
281 373
281 515
281 690
281 754
281 769
281 817
281 824
281 836
281 919
282 38
282 165
282 324
282 667
283 20
283 103
283 149
283 284
283 344
283 358
283 426
283 436
283 437
283 501
283 716
283 831
284 328
284 390
284 391
284 418
284 426
284 436
284 709
284 831
284 858
284 878
284 907
291 338
291 367
291 460
291 498
291 518
291 578
291 601
291 648
291 800
291 988
303 9
303 174
303 580
304 12
304 17
304 158
304 421
304 488
316 406
316 478
316 496
316 603
316 638
316 927
317 72
317 178
317 294
317 461
317 942
317 976
322 14
322 98
322 232
322 375
322 594
322 713
322 922
324 451
324 557
324 667
324 774
326 78
326 328
326 459
326 550
326 762
326 790
326 984
338 57
338 130
338 145
338 367
338 500
338 554
338 576
338 616
338 660
338 988
344 103
344 149
344 358
344 359
344 361
344 478
344 501
344 712
344 817
345 58
345 117
345 332
345 527
345 788
345 828
345 847
345 850
345 851
345 854
345 895
353 54
353 108
353 181
353 523
353 803
353 861
359 14
359 24
359 165
359 361
359 478
359 729
359 837
359 934
361 109
361 223
361 592
361 837
361 931
361 940
367 221
367 340
367 373
367 460
367 515
367 518
367 578
379 28
379 108
379 222
379 508
379 669
379 722
379 850
381 217
381 575
381 584
381 673
381 941
406 89
406 165
406 453
406 477
406 480
406 496
406 703
406 821
406 888
414 84
414 117
414 183
414 427
414 499
414 524
414 666
414 956
422 853
422 886
422 917
436 246
438 136
438 567
438 968
447 413
447 461
447 900
449 9
449 12
449 57
458 136
458 175
459 98
459 348
459 425
459 898
459 906
459 984
460 79
460 442
460 518
460 668
460 800
461 468
461 491
461 733
461 881
461 900
461 961
471 372
471 424
471 607
471 972
471 985
477 167
477 261
477 268
477 530
477 703
478 603
493 160
493 254
493 533
493 642
493 689
493 802
493 887
517 56
517 200
517 429
517 970
518 578
523 83
528 96
528 200
528 429
528 626
529 45
529 335
529 365
529 613
529 707
529 912
545 620
545 932
545 958
550 240
550 343
575 189
575 534
580 17
580 239
580 289
580 852
580 974
607 12
607 104
607 193
613 180
613 557
613 666
613 709
626 58
626 335
626 446
626 667
626 922
630 668
630 796
630 906
630 912
703 167
703 530
703 591
800 109
800 551
800 782
817 41
817 579
837 388
837 473
837 828
837 940
852 151
852 288
852 538
887 10
887 693
900 75
900 158
900 456
906 668
906 796
906 953
925 349
925 619
925 765
925 937
932 254
932 807
932 832
934 14
934 165
937 17
937 57
937 556
940 769
940 824
940 864
941 829
984 171
984 537
8 9
8 10
8 14
8 16
8 18
8 20
8 38
8 39
8 41
8 44
8 58
8 67
8 72
8 73
8 74
8 82
8 91
8 97
8 99
8 103
8 121
8 123
8 125
8 141
8 149
8 154
8 159
8 161
8 163
8 168
8 173
8 178
8 187
8 204
8 219
8 229
8 231
8 243
8 251
8 292
8 319
8 375
8 388
8 395
8 408
8 410
8 457
8 503
8 512
8 560
8 598
8 604
8 608
8 637
8 640
8 686
8 695
8 705
8 725
8 737
8 756
8 789
8 801
8 818
8 849
8 866
8 870
8 903
8 939
8 951
8 968
8 999
9 10
9 12
9 14
9 17
9 18
9 19
9 23
9 33
9 48
9 52
9 57
9 59
9 61
9 73
9 76
9 78
9 94
9 104
9 118
9 121
9 138
9 151
9 152
9 158
9 164
9 168
9 169
9 174
9 184
9 209
9 210
9 222
9 242
9 246
9 253
9 343
9 355
9 356
9 368
9 373
9 383
9 411
9 417
9 432
9 444
9 467
9 514
9 533
9 539
9 541
9 570
9 606
9 662
9 720
9 724
9 725
9 731
9 745
9 750
9 769
9 770
9 799
9 803
9 808
9 809
9 838
9 877
9 905
9 926
12 10
12 17
12 18
12 21
12 23
12 24
12 38
12 42
12 49
12 53
12 57
12 64
12 70
12 76
12 91
12 101
12 104
12 106
12 113
12 115
12 120
12 125
12 126
12 158
12 159
12 181
12 193
12 209
12 210
12 231
12 253
12 256
12 300
12 318
12 320
12 321
12 334
12 369
12 374
12 378
12 385
12 394
12 421
12 434
12 455
12 507
12 522
12 525
12 569
12 595
12 619
12 653
12 691
12 694
12 706
12 738
12 745
12 805
12 809
12 812
12 818
12 859
12 938
12 990
14 10
14 24
14 37
14 39
14 45
14 71
14 81
14 82
14 93
14 98
14 99
14 121
14 148
14 165
14 193
14 215
14 232
14 245
14 248
14 296
14 355
14 358
14 375
14 409
14 484
14 509
14 521
14 543
14 647
14 670
14 807
14 814
14 833
14 845
14 873
14 922
14 997
16 20
16 40
16 41
16 53
16 55
16 78
16 84
16 95
16 98
16 101
16 123
16 154
16 269
16 305
16 348
16 389
16 425
16 432
16 598
16 610
16 657
16 680
16 708
16 798
16 891
16 915
16 962
18 21
18 23
18 33
18 49
18 79
18 82
18 87
18 102
18 120
18 132
18 157
18 161
18 192
18 209
18 225
18 286
18 372
18 464
18 466
18 532
18 599
18 609
18 618
18 635
18 640
18 711
18 747
18 814
18 890
18 948
18 970
19 10
19 28
19 94
19 138
19 337
19 419
19 485
19 692
19 877
19 891
21 49
21 76
21 79
21 106
21 126
21 182
21 187
21 188
21 196
21 231
21 249
21 258
21 262
21 443
21 450
21 464
21 466
21 599
21 618
21 625
21 728
21 785
21 856
24 17
24 53
24 63
24 77
24 96
24 126
24 164
24 165
24 193
24 253
24 313
24 365
24 402
24 463
24 468
24 542
24 569
24 729
24 740
24 752
24 983
33 74
33 87
33 102
33 133
33 149
33 152
33 157
33 161
33 172
33 188
33 194
33 202
33 225
33 279
33 290
33 299
33 336
33 350
33 429
33 469
33 470
33 521
33 605
33 612
33 706
33 757
33 860
40 44
40 54
40 56
40 84
40 96
40 101
40 106
40 107
40 160
40 185
40 199
40 200
40 220
40 239
40 265
40 295
40 339
40 349
40 350
40 401
40 516
40 620
40 656
40 680
40 691
40 715
40 755
40 782
40 810
53 55
53 61
53 63
53 69
53 77
53 115
53 126
53 142
53 167
53 172
53 181
53 202
53 241
53 269
53 301
53 314
53 315
53 365
53 374
53 378
53 445
53 640
53 707
53 784
53 813
53 875
53 916
53 956
53 957
53 964
55 20
55 41
55 61
55 69
55 95
55 98
55 115
55 127
55 144
55 166
55 305
55 378
55 380
55 454
55 476
55 506
55 537
55 558
55 562
55 640
55 705
55 729
55 786
55 819
55 839
55 842
55 899
55 962
58 38
58 66
58 67
58 74
58 83
58 84
58 86
58 107
58 112
58 114
58 117
58 124
58 215
58 244
58 274
58 288
58 293
58 319
58 332
58 335
58 415
58 446
58 570
58 587
58 600
58 633
58 659
58 671
58 732
58 741
58 771
58 788
58 820
58 826
58 828
58 854
58 895
58 927
67 38
67 74
67 121
67 319
67 503
67 633
67 737
67 797
67 820
67 866
67 889
73 76
73 78
73 151
73 164
73 168
73 190
73 229
73 241
73 288
73 375
73 505
73 507
73 538
73 540
73 672
73 725
73 784
73 808
73 888
73 948
76 164
76 169
76 187
76 190
76 205
76 231
76 334
76 394
76 505
76 552
76 606
76 948
76 967
78 151
78 174
78 184
78 208
78 222
78 241
78 242
78 318
78 328
78 355
78 363
78 388
78 402
78 405
78 499
78 539
78 610
78 611
78 657
78 678
78 720
78 778
78 845
78 893
78 962
78 975
78 997
83 66
83 107
83 124
83 191
83 340
83 384
83 420
83 586
83 874
87 20
87 23
87 28
87 90
87 102
87 108
87 133
87 162
87 180
87 198
87 224
87 285
87 299
87 336
87 350
87 351
87 372
87 411
87 470
87 521
87 535
87 589
87 758
87 760
87 780
87 883
87 890
87 916
87 948
96 56
96 142
96 164
96 200
96 295
96 429
96 542
96 544
133 122
133 145
133 172
133 285
133 290
133 298
133 383
133 627
133 928
142 77
142 126
142 172
142 560
142 697
142 707
152 61
152 118
152 514
152 606
152 734
152 860
152 863
157 102
157 161
157 250
157 255
157 382
157 384
157 476
157 779
157 970
169 140
169 259
169 314
169 393
169 462
169 533
169 584
169 714
169 811
172 126
172 290
172 314
172 542
172 910
172 928
174 17
174 140
174 189
174 208
174 236
174 539
174 660
174 778
174 923
174 950
187 10
187 72
187 249
187 251
187 262
187 334
187 347
187 391
187 577
187 597
187 661
187 728
187 867
190 29
190 166
190 205
190 435
190 505
190 672
191 52
191 59
191 130
191 217
191 258
191 384
191 874
193 104
193 983
205 10
205 175
205 178
205 321
205 435
205 549
205 551
205 593
205 606
205 664
208 49
208 150
208 177
208 242
208 778
215 45
215 98
215 223
215 244
215 245
215 543
215 587
215 647
215 678
215 987
223 109
223 481
223 592
223 931
223 987
223 998
229 10
229 17
229 175
229 375
229 407
229 507
241 63
241 167
241 254
241 388
241 402
241 441
241 473
241 485
241 574
241 784
241 807
241 832
241 964
242 158
242 210
242 318
242 347
242 975
244 54
244 251
244 286
244 673
244 698
244 821
244 843
244 851
244 927
244 954
244 976
249 197
249 258
249 262
249 443
249 571
249 597
249 661
249 763
249 768
258 52
258 130
258 443
285 269
285 506
318 57
318 113
318 347
318 363
318 452
318 515
318 805
318 834
318 975
320 52
320 103
320 245
320 496
320 548
320 775
320 945
320 967
334 321
334 694
334 867
347 10
347 72
347 391
347 452
347 577
363 499
363 834
372 29
372 360
372 424
372 655
372 688
372 890
372 908
372 972
372 979
384 255
384 382
388 41
388 123
388 402
388 441
388 473
388 611
388 639
388 684
388 695
388 828
388 841
388 853
388 869
388 933
394 44
394 220
394 532
394 552
394 723
394 802
394 873
415 75
415 124
415 386
415 570
415 631
415 649
415 792
415 825
415 897
425 98
425 348
425 798
425 898
425 966
435 328
435 391
435 498
435 551
435 617
435 664
435 796
441 17
441 48
441 212
441 473
441 509
441 574
441 639
441 684
441 952
450 427
450 625
452 38
452 434
481 232
481 323
481 389
481 737
481 960
499 117
499 427
499 524
499 678
499 720
499 757
499 935
507 125
507 653
507 691
507 825
507 938
509 17
509 48
509 807
509 911
514 23
514 28
514 290
514 593
514 606
514 861
516 112
516 225
516 260
533 160
533 254
533 642
533 720
533 781
542 126
542 314
542 740
542 910
551 109
551 230
551 664
551 761
551 782
552 178
552 294
552 967
560 97
560 163
560 697
570 104
574 10
574 39
574 71
574 653
597 81
597 171
597 537
597 661
597 768
597 960
603 199
603 536
603 638
603 641
603 918
618 20
618 159
618 216
618 735
620 656
620 662
622 149
622 232
622 771
638 342
638 501
640 916
678 587
678 720
678 893
678 997
697 23
697 28
697 593
720 724
720 781
724 10
724 530
737 38
737 866
737 960
740 342
740 717
740 764
740 876
781 162
781 176
781 536
781 870
784 63
784 888
792 59
792 105
792 396
792 825
797 321
797 549
797 593
807 254
807 485
807 832
827 210
827 354
834 776
834 973
834 982
860 264
860 556
860 901
867 42
867 75
867 307
877 237
877 295
877 972
888 453
888 821
893 470
893 871
893 997
916 760
916 883
927 496
958 221
958 917
958 926
960 661
960 768
966 269
966 555
967 52
967 496
983 662
20 23
20 28
20 41
20 45
20 49
20 69
20 90
20 95
20 100
20 103
20 127
20 141
20 149
20 150
20 159
20 161
20 199
20 216
20 231
20 248
20 252
20 261
20 269
20 280
20 309
20 362
20 376
20 380
20 393
20 396
20 397
20 399
20 431
20 432
20 437
20 443
20 504
20 512
20 526
20 543
20 555
20 596
20 624
20 642
20 646
20 665
20 693
20 695
20 698
20 735
20 743
20 760
20 786
20 788
20 791
20 836
20 858
20 882
20 896
20 899
20 968
20 999
37 45
37 59
37 63
37 66
37 72
37 81
37 109
37 118
37 148
37 163
37 167
37 210
37 234
37 264
37 292
37 296
37 354
37 484
37 565
37 621
37 644
37 651
37 672
37 699
37 764
37 766
37 772
37 806
37 872
37 895
37 953
44 54
44 68
44 220
44 312
44 500
44 532
44 604
44 686
44 691
44 710
45 23
45 49
45 59
45 69
45 72
45 75
45 79
45 81
45 82
45 93
45 98
45 100
45 105
45 118
45 122
45 124
45 147
45 167
45 173
45 203
45 234
45 270
45 296
45 335
45 365
45 396
45 400
45 404
45 410
45 424
45 431
45 546
45 587
45 627
45 648
45 696
45 707
45 804
45 971
54 108
54 181
54 251
54 286
54 350
54 369
54 480
54 492
54 544
54 553
54 565
54 691
54 716
54 721
54 821
54 861
54 913
54 935
54 976
54 985
54 989
56 185
56 200
56 207
56 300
56 429
56 544
56 612
56 751
56 822
56 862
56 947
56 980
59 48
59 52
59 63
59 72
59 75
59 79
59 105
59 130
59 163
59 171
59 203
59 207
59 217
59 243
59 268
59 292
59 301
59 309
59 364
59 396
59 511
59 633
59 663
59 708
59 745
59 758
59 844
59 872
59 895
59 920
59 929
59 949
63 66
63 77
63 163
63 167
63 207
63 243
63 254
63 261
63 268
63 313
63 360
63 485
63 566
63 637
63 644
63 699
63 753
63 964
63 981
64 17
64 42
64 70
64 75
64 85
64 90
64 94
64 97
64 120
64 180
64 280
64 297
64 300
64 306
64 308
64 333
64 364
64 385
64 400
64 413
64 483
64 513
64 531
64 557
64 598
64 617
64 680
64 779
64 810
64 963
64 996
66 84
66 86
66 107
66 210
66 293
66 333
66 340
66 360
66 420
66 566
66 583
66 586
66 644
66 674
66 732
66 975
66 981
74 121
74 202
74 226
74 279
74 319
74 392
74 659
74 685
74 704
74 892
75 42
75 70
75 79
75 88
75 105
75 120
75 122
75 124
75 158
75 196
75 218
75 270
75 306
75 307
75 335
75 364
75 386
75 418
75 419
75 430
75 456
75 563
75 585
75 591
75 631
75 656
75 699
75 791
75 830
75 844
75 897
75 909
75 930
75 945
82 93
82 102
82 125
82 192
82 216
82 271
82 310
82 352
82 404
82 430
82 431
82 475
82 687
82 711
82 721
82 756
95 98
95 144
95 150
95 199
95 213
95 261
95 348
95 562
95 729
95 788
95 899
103 48
103 52
103 85
103 147
103 149
103 204
103 245
103 330
103 358
103 548
103 629
103 665
103 689
103 712
103 775
103 787
103 880
103 902
103 945
103 951
103 999
108 23
108 28
108 162
108 181
108 222
108 224
108 290
108 398
108 497
108 541
108 614
108 722
108 746
108 762
108 861
108 884
108 924
109 70
109 230
109 592
109 782
109 998
122 147
122 230
122 270
122 298
122 327
122 547
122 627
122 791
122 909
122 921
123 41
123 154
123 186
123 237
123 243
123 260
123 271
123 294
123 295
123 410
123 687
123 777
147 48
147 52
147 245
147 330
147 602
150 49
150 177
150 261
150 397
150 504
150 543
150 601
150 679
150 882
151 168
151 184
151 276
151 288
151 308
151 356
151 371
151 525
151 538
151 540
151 561
151 573
151 701
151 773
151 816
151 989
164 948
165 38
165 89
165 439
165 453
165 463
165 480
165 729
165 752
165 845
165 946
180 28
180 162
180 212
180 224
180 280
180 333
180 341
180 351
180 408
180 557
180 666
180 779
180 996
188 49
188 106
188 196
188 856
197 28
197 206
197 339
197 377
197 469
197 562
197 567
197 573
197 776
197 799
204 49
204 213
204 311
204 519
204 629
204 658
204 686
204 766
204 804
204 808
204 902
204 951
206 140
206 377
206 453
206 469
206 479
206 856
206 944
210 158
210 354
210 522
210 621
210 645
210 651
210 664
210 953
212 17
212 48
212 61
212 256
212 331
212 408
212 531
212 913
226 392
226 685
226 874
226 963
237 52
237 260
237 295
237 401
237 636
237 902
237 972
240 140
240 273
240 343
240 555
240 599
240 639
240 755
251 72
251 286
251 544
251 625
251 673
251 843
251 851
256 104
256 369
256 417
256 578
256 621
256 876
260 70
260 112
260 225
260 636
299 102
299 336
299 605
299 612
299 706
299 735
299 780
299 783
299 841
300 70
300 385
300 413
300 822
343 184
343 222
343 368
343 383
343 479
343 547
343 755
343 795
343 815
343 831
354 84
354 117
354 288
354 356
354 621
354 664
354 764
354 908
354 949
360 28
360 29
360 566
360 572
360 655
360 981
377 91
377 219
377 465
377 469
377 479
377 563
377 567
377 655
377 710
377 775
401 220
401 339
401 677
401 865
404 17
404 42
404 431
404 448
404 463
404 592
404 609
404 669
404 714
404 823
404 840
408 39
408 173
408 520
408 576
408 681
408 768
408 783
408 798
417 10
417 121
417 527
417 535
417 578
417 677
417 822
417 876
463 448
463 592
463 665
479 184
479 222
479 831
497 250
497 541
497 614
497 726
497 752
497 819
497 924
527 10
527 121
527 535
527 734
527 822
527 850
541 17
541 246
541 726
541 924
544 429
544 625
544 862
557 709
557 981
557 996
565 492
565 644
566 167
566 268
566 583
567 136
567 573
571 230
571 439
571 763
571 832
571 898
573 538
573 540
573 799
583 325
583 470
583 882
583 944
599 466
599 639
629 106
629 902
636 352
636 430
639 473
639 684
639 828
639 841
639 853
639 869
639 952
639 977
639 994
644 699
662 411
662 750
662 803
665 448
666 427
666 524
666 878
672 505
672 993
673 584
673 698
673 843
673 995
677 121
677 535
677 865
677 954
698 248
698 954
709 426
726 42
726 70
726 203
726 879
734 118
734 863
791 432
791 921
799 184
799 383
816 90
816 162
816 176
845 405
845 873
850 28
850 222
856 196
865 145
865 632
873 220
873 723
921 189
921 702
954 121
954 535
993 265
993 536
993 919
10 17
10 28
10 39
10 42
10 48
10 71
10 72
10 97
10 104
10 110
10 117
10 121
10 138
10 163
10 175
10 178
10 192
10 219
10 311
10 312
10 321
10 327
10 329
10 355
10 358
10 391
10 399
10 403
10 488
10 495
10 511
10 521
10 530
10 590
10 634
10 693
10 736
10 750
10 881
10 890
10 891
17 39
17 42
17 48
17 57
17 61
17 68
17 114
17 117
17 118
17 140
17 154
17 158
17 175
17 176
17 200
17 236
17 239
17 246
17 259
17 276
17 289
17 348
17 362
17 364
17 407
17 409
17 421
17 456
17 489
17 556
17 609
17 634
17 652
17 669
17 692
17 714
17 722
17 746
17 823
17 889
17 911
17 923
17 982
28 23
28 29
28 81
28 162
28 171
28 222
28 224
28 290
28 337
28 339
28 419
28 472
28 562
28 572
28 593
28 594
28 610
28 722
28 723
28 730
28 907
38 89
38 91
38 112
38 141
38 275
38 434
38 439
38 608
38 619
38 633
38 818
38 889
48 42
48 52
48 61
48 85
48 117
48 176
48 234
48 239
48 276
48 330
48 331
48 407
48 442
48 511
48 600
48 651
48 681
48 708
48 773
48 777
48 787
48 790
48 880
48 904
48 911
48 924
48 938
52 71
52 85
52 89
52 113
52 130
52 217
52 234
52 245
52 426
52 496
52 590
52 602
52 741
52 758
52 769
52 775
52 902
52 926
52 930
68 39
68 57
68 114
68 130
68 200
68 312
68 341
68 500
68 652
68 692
68 722
68 965
68 982
72 105
72 171
72 178
72 268
72 294
72 351
72 403
72 410
72 502
72 675
72 731
72 785
72 804
72 824
72 895
72 903
72 942
72 961
77 126
77 167
77 298
77 301
77 413
77 524
77 577
77 707
77 743
77 833
85 90
85 94
85 880
88 42
88 70
88 105
88 112
88 127
88 144
88 196
88 225
88 287
88 302
88 329
88 387
88 419
88 510
88 563
88 616
88 652
88 674
88 699
88 830
89 113
89 252
89 275
89 426
89 439
89 480
89 741
94 90
94 692
94 731
94 986
110 39
110 42
110 148
110 311
110 522
110 952
138 160
138 485
138 748
138 751
140 61
140 189
140 236
140 259
140 273
140 555
140 584
140 654
140 702
140 944
144 98
144 166
144 183
144 306
144 562
144 933
145 57
145 114
145 130
145 383
145 500
145 616
145 632
145 939
148 81
148 315
148 623
148 872
160 106
160 199
160 254
160 504
160 642
160 748
160 802
176 90
176 99
176 162
176 442
176 536
176 561
176 651
176 663
176 801
176 870
176 892
176 924
176 929
178 175
178 294
178 319
178 327
178 399
178 511
178 650
178 903
178 976
183 84
183 114
183 117
183 221
183 306
183 357
183 446
183 744
183 826
183 848
183 855
183 911
185 207
185 239
185 540
185 612
185 711
185 810
185 815
185 829
185 896
186 115
186 159
186 271
186 273
186 294
186 342
186 835
207 163
207 243
207 309
207 540
207 612
207 637
207 663
207 751
221 325
221 340
221 357
221 373
221 446
221 690
221 855
221 917
221 926
230 70
230 439
230 489
230 547
230 682
230 761
230 782
230 832
239 42
239 289
239 782
239 810
239 815
239 904
239 974
253 23
253 525
253 569
254 167
254 261
254 330
254 485
254 689
254 753
254 832
259 61
259 393
259 395
259 727
271 102
271 216
271 687
271 721
271 756
275 39
275 42
275 57
275 346
275 416
275 433
275 510
276 117
276 308
276 525
276 600
276 894
276 989
294 502
294 777
294 824
294 942
294 976
295 972
297 346
297 440
297 483
297 494
297 513
297 531
297 582
297 679
298 448
298 627
298 743
298 747
308 280
308 331
308 349
308 525
308 619
308 894
312 341
312 710
315 269
315 623
315 872
319 457
319 650
319 659
319 744
319 801
328 391
328 405
328 418
328 498
328 520
328 886
329 104
329 412
330 370
330 738
330 759
341 280
341 333
341 774
342 149
342 501
342 682
342 717
342 764
342 869
346 39
346 57
346 370
346 423
346 440
346 992
350 336
350 429
350 470
350 535
370 423
370 440
370 738
370 759
370 992
383 184
383 547
383 815
393 69
393 376
393 395
393 462
393 588
393 696
393 701
393 859
393 896
395 141
395 161
395 637
395 727
403 246
403 274
403 420
403 585
403 785
403 961
405 124
405 158
405 194
405 589
405 602
405 704
411 162
411 351
411 589
411 614
411 750
411 793
413 70
413 680
413 833
434 310
434 619
434 793
442 79
442 430
442 561
442 596
442 651
442 663
442 668
442 715
442 718
442 929
453 821
457 97
457 236
457 385
457 467
457 512
457 744
457 801
457 849
462 49
462 296
462 371
462 483
462 588
462 643
462 811
488 631
488 866
489 175
489 682
502 331
502 349
502 824
502 875
512 149
512 437
512 596
512 995
524 427
524 577
524 757
524 871
524 878
540 538
561 288
561 371
561 596
561 663
561 701
561 718
561 754
562 729
577 391
582 305
582 679
582 730
582 864
588 225
588 387
588 487
596 149
596 718
596 754
596 931
596 959
596 995
598 280
598 333
598 671
598 763
623 29
623 352
623 548
631 386
631 649
631 866
631 897
632 168
632 288
632 371
650 427
650 487
650 839
682 849
687 310
687 728
687 748
692 652
692 722
692 986
710 563
710 655
731 410
738 374
738 378
739 327
739 530
744 306
744 776
744 826
744 883
769 824
769 864
769 919
769 926
771 587
771 835
785 49
785 466
785 961
811 483
811 643
822 535
829 270
835 159
835 273
849 801
853 841
853 886
855 513
855 539
855 846
864 824
871 470
871 635
886 391
886 498
917 357
917 446
917 926
952 473
992 655
992 718
992 884
39 42
39 57
39 71
39 97
39 99
39 168
39 173
39 192
39 200
39 311
39 416
39 433
39 520
39 522
39 590
39 604
39 653
39 783
39 870
39 885
39 915
39 997
71 305
71 521
71 653
71 890
71 997
106 49
106 126
106 182
106 196
106 455
106 490
106 624
106 700
106 715
112 42
112 70
112 141
112 203
112 225
112 262
112 323
112 357
112 549
112 649
112 685
112 719
112 805
112 842
112 848
136 175
136 473
136 484
136 968
141 161
141 309
141 396
141 526
141 685
141 805
141 847
149 194
149 232
149 437
149 501
149 712
149 780
149 869
149 995
175 184
175 407
175 495
175 767
175 991
184 222
184 547
184 795
184 991
192 102
192 590
194 79
194 124
194 158
194 232
194 602
194 780
194 899
202 61
202 69
202 279
232 93
232 98
232 323
232 375
232 389
232 594
232 780
252 100
252 280
252 336
252 486
252 690
252 753
252 812
252 955
264 167
264 289
264 382
264 556
264 759
264 766
264 806
264 880
264 901
289 42
289 556
289 759
289 974
305 98
305 915
327 399
327 530
327 736
392 189
392 685
392 704
392 874
392 892
392 963
451 559
473 484
473 828
473 977
473 994
484 296
501 717
508 182
508 669
508 946
508 978
556 57
556 348
556 759
556 901
604 168
604 686
604 756
604 870
661 768
679 261
679 504
685 805
685 847
685 874
704 124
704 602
704 717
704 892
704 965
711 896
715 79
715 668
717 124
717 602
717 764
717 876
717 965
730 162
730 472
730 879
730 907
741 288
741 335
753 485
756 102
774 280
774 333
794 173
794 526
869 828
869 933
879 70
879 203
994 977
23 29
23 69
23 90
23 120
23 198
23 209
23 290
23 376
23 532
23 593
23 609
23 654
23 861
23 884
49 177
49 296
49 371
49 397
49 466
49 483
49 519
49 686
49 804
49 808
79 124
79 158
79 203
79 301
79 364
79 400
79 430
79 464
79 475
79 572
79 668
79 899
79 909
93 98
93 100
93 250
93 279
93 323
93 389
93 494
104 125
104 369
104 412
104 621
104 745
104 881
104 990
125 352
125 416
125 825
125 938
213 199
213 311
213 546
213 766
213 806
217 758
248 98
248 245
248 366
248 409
248 443
296 371
296 648
296 936
366 314
366 732
366 910
371 168
371 288
371 483
371 643
371 773
371 950
389 323
389 634
494 581
494 605
494 670
494 765
526 173
526 595
526 694
581 99
581 236
581 385
581 605
581 628
581 765
605 102
605 670
605 706
605 757
605 765
610 339
610 657
610 676
634 117
648 936
653 691
670 245
670 543
686 804
820 633
936 268
936 351
936 675
91 57
91 113
91 219
91 321
91 386
91 465
91 474
91 495
91 513
91 539
91 608
91 611
91 775
91 778
91 846
91 951
159 115
159 216
159 273
159 595
159 863
199 265
199 504
199 536
199 641
199 788
199 918
216 102
216 310
216 721
216 735
216 863
219 163
219 705
219 775
219 789
220 41
220 339
220 579
220 688
220 723
265 90
265 99
265 349
265 536
265 702
265 919
339 676
349 331
349 619
349 765
349 875
390 615
465 288
465 335
465 368
465 563
465 568
465 655
465 718
465 830
465 957
500 130
500 554
500 965
504 261
504 882
530 167
530 268
530 591
530 736
532 209
536 99
536 162
536 892
536 919
563 105
563 568
563 655
563 699
563 718
563 884
563 914
568 70
568 120
568 218
568 914
641 61
641 69
641 486
641 918
723 337
723 802
723 857
789 81
789 466
802 642
802 857
857 280
857 332
857 412
891 432
914 41
914 127
914 693
919 824
965 124
29 132
29 166
29 287
29 293
29 352
29 421
29 424
29 433
29 548
29 654
29 725
29 908
29 979
41 127
41 177
41 579
41 688
41 693
41 839
41 923
41 962
61 69
61 118
61 331
61 373
61 454
61 476
61 486
61 531
61 558
132 102
132 286
132 564
132 747
132 770
132 772
166 98
166 933
269 555
269 624
427 84
427 117
427 487
427 757
427 839
427 878
427 935
427 956
487 70
487 225
487 387
487 538
487 839
558 101
558 115
558 676
579 333
735 841
841 684
874 963
97 90
97 99
97 163
97 173
97 198
97 236
97 385
97 467
97 472
97 840
97 885
97 942
99 90
99 162
99 168
99 198
99 236
99 385
99 628
99 645
99 658
99 702
99 801
99 892
121 355
121 535
121 750
154 42
154 57
154 243
154 292
154 742
161 225
161 231
161 309
161 399
161 635
161 637
161 970
163 292
163 309
163 705
163 772
163 929
168 288
168 356
168 773
168 808
168 950
173 167
173 397
173 520
173 576
173 615
173 657
173 885
231 695
243 292
243 410
243 637
243 663
243 742
243 939
292 742
292 772
292 872
292 939
375 594
375 922
410 587
410 804
410 894
410 905
503 181
503 224
608 114
608 274
608 818
695 402
695 611
695 968
695 999
705 115
705 506
705 819
725 287
818 619
870 162
903 98
903 696
939 57
939 616
951 321
951 474
951 999
968 999
57 42
57 113
57 114
57 130
57 348
57 386
57 515
57 564
57 576
57 616
57 660
57 805
57 838
118 81
118 373
118 467
118 627
118 868
158 124
158 246
158 409
158 456
158 522
158 589
158 645
158 899
158 945
158 973
209 42
209 684
209 706
222 162
222 355
222 368
222 432
222 444
222 472
222 746
222 762
222 770
222 831
222 901
222 962
246 274
246 409
246 420
355 358
355 750
355 833
355 962
356 84
356 117
356 949
368 84
368 288
368 335
368 398
368 432
368 901
368 957
373 467
373 515
373 690
373 754
373 868
373 905
432 444
432 901
444 81
444 270
444 466
444 712
444 770
467 385
467 472
467 840
467 868
467 905
539 474
539 513
539 611
539 846
539 971
745 130
745 633
745 809
745 920
745 990
770 102
808 804
809 659
838 595
838 694
838 947
905 587
905 894
905 980
926 446
42 70
42 196
42 203
42 262
42 287
42 302
42 307
42 364
42 416
42 448
42 455
42 456
42 522
42 559
42 684
42 706
42 714
42 787
42 840
42 904
42 915
42 998
117 84
117 114
117 288
117 332
117 492
117 600
117 671
117 681
117 847
117 851
117 935
117 949
311 658
311 766
311 806
321 474
321 549
321 593
321 694
358 833
391 418
391 498
391 617
391 796
391 858
399 309
399 511
495 474
495 513
495 693
495 767
495 778
511 708
511 777
521 470
521 758
521 890
590 234
590 930
693 127
736 288
736 492
736 700
881 468
881 733
890 948
84 86
84 101
84 107
84 114
84 288
84 335
84 398
84 437
84 446
84 647
84 755
84 956
84 990
107 293
107 420
107 600
107 755
310 374
310 728
310 748
310 977
310 987
352 416
352 430
352 548
352 553
374 181
374 378
374 875
374 987
496 245
548 245
548 689
548 787
548 945
793 589
793 614
70 105
70 120
70 203
70 218
70 225
70 307
70 387
70 400
70 439
70 464
70 510
70 538
70 585
70 680
70 842
70 848
70 897
101 115
101 676
101 733
113 386
113 426
113 515
115 69
115 273
115 378
115 445
115 506
115 537
115 676
115 733
115 813
115 819
115 842
115 920
115 969
120 218
120 306
120 400
120 418
120 609
120 617
126 182
126 314
126 365
126 402
126 455
126 468
126 490
126 624
126 700
126 812
126 859
126 910
181 224
181 398
181 480
181 553
181 586
181 643
181 875
181 985
369 492
369 621
369 716
369 823
378 537
385 236
385 472
421 293
455 196
455 307
455 559
455 628
455 812
522 645
525 894
569 868
595 694
619 765
694 947
805 847
812 100
812 336
812 859
859 696
859 701
938 407
990 437
990 647
492 288
492 332
492 700
492 716
492 721
492 913
492 935
492 989
601 543
777 708
821 976
823 714
81 171
81 270
81 466
81 537
81 594
81 627
81 712
81 843
98 100
98 245
98 323
98 348
98 696
98 915
98 933
245 409
245 543
245 602
245 689
543 647
543 814
647 114
647 437
647 814
814 286
814 747
922 335
922 667
182 490
182 491
182 978
189 302
189 534
189 660
189 702
189 761
189 950
307 196
448 592
491 468
491 733
534 407
534 428
534 969
946 729
946 752
978 287
348 114
348 362
348 564
348 898
657 167
657 397
680 708
798 576
798 681
915 416
114 130
114 274
114 362
114 437
114 564
114 652
114 671
114 746
114 760
200 429
200 970
200 996
236 198
236 628
236 658
236 923
236 942
236 988
362 100
362 683
362 743
362 746
362 760
362 836
364 456
364 844
364 909
364 930
407 234
407 428
407 773
456 124
609 669
609 889
652 196
652 287
669 889
714 314
714 840
722 982
746 162
746 760
746 762
889 633
911 357
911 446
923 177
982 973
102 286
102 564
102 757
102 780
102 783
225 387
225 635
286 564
286 747
286 772
286 851
466 712
635 325
635 470
747 743
970 429
970 996
337 419
337 844
419 196
69 376
69 445
69 454
69 486
69 506
69 696
69 701
69 956
69 969
90 162
90 198
90 313
90 760
90 883
100 250
100 279
100 336
100 424
100 683
100 742
100 786
100 836
100 904
127 387
127 431
127 839
127 854
261 167
261 268
280 331
280 332
280 333
280 412
280 486
280 642
280 671
280 955
309 396
309 929
309 949
376 124
376 335
376 365
376 428
376 474
376 696
376 719
376 862
376 896
376 964
380 171
380 268
380 351
380 786
380 885
380 991
396 105
396 971
397 167
397 615
443 858
555 273
555 624
555 646
555 654
555 955
624 490
624 700
760 883
786 424
788 332
788 828
836 690
836 754
858 418
858 878
858 907
882 325
882 928
196 287
196 559
196 628
196 998
262 203
262 323
262 728
728 748
728 977
86 423
171 105
171 268
171 351
171 537
171 885
171 991
177 218
177 943
218 255
218 943
255 250
255 382
255 454
255 476
255 519
255 767
255 813
255 943
424 433
424 908
424 972
424 985
433 416
433 510
445 813
445 956
445 957
506 969
519 846
537 842
537 920
572 203
572 301
654 273
654 955
655 688
655 718
655 830
655 884
683 387
683 674
683 904
846 513
985 553
198 942
290 861
290 884
290 928
593 549
884 718
313 162
365 124
365 335
365 402
365 428
365 707
365 719
365 912
402 468
402 611
468 733
468 961
729 752
752 250
325 470
325 928
331 332
331 531
331 913
332 288
332 412
332 700
332 847
333 671
333 763
333 779
333 963
470 535
470 758
470 944
668 796
668 912
668 953
796 617
796 953
124 335
124 386
124 400
124 428
124 474
124 475
124 589
124 602
124 973
250 382
250 454
250 490
250 742
250 779
250 974
287 293
287 302
287 998
340 586
340 674
340 975
587 894
587 980
674 387
943 476
943 813
559 628
776 306
776 883
931 718
931 754
931 959
973 589
162 351
162 472
162 589
162 614
162 645
224 398
224 586
472 840
472 907
594 843
907 878
293 600
293 732
908 621
908 764
908 979
979 167
979 382
476 454
476 767
476 813
767 813
420 585
585 105
585 897
336 429
336 469
336 482
336 612
429 469
429 482
429 862
429 947
429 996
469 482
612 751
612 980
520 576
520 681
520 768
520 783
762 790
790 234
790 773
474 428
474 513
474 611
474 971
761 660
832 898
167 234
167 268
167 301
167 382
167 591
234 428
234 675
234 773
234 930
621 651
621 664
621 764
651 924
651 953
699 830
766 806
772 564
895 854
633 130
633 920
416 510
416 553
783 780
885 268
885 991
656 306
656 418
810 531
810 815
203 301
203 323
203 357
203 842
787 689
998 592
486 454
486 690
486 955
667 335
667 446
690 754
105 510
105 616
105 897
105 971
335 288
335 386
335 446
335 591
335 912
335 957
335 959
400 475
400 617
696 701
971 513
306 418
306 883
357 323
357 446
357 549
357 649
357 719
357 848
387 538
547 795
547 815
547 909
848 842
854 828
909 930
600 681
681 576
681 768
773 950
880 382
483 513
483 643
989 935
480 553
531 913
614 589
130 554
130 576
426 716
426 831
314 910
813 957
964 428
964 862
716 721
721 913
913 935
454 382
454 490
454 974
842 920
751 748
751 980
862 428
862 719
862 947
980 894
386 591
386 649
386 959
576 660
616 510
660 950
288 398
288 538
288 700
288 701
671 763
828 933
828 977
268 351
268 591
268 675
663 929
929 949
430 475
779 382
779 963
273 955
586 398
586 643
586 975
969 428
351 675
675 428
418 878
591 959
830 718
398 643
658 628
658 988
323 549
628 988
676 733
490 382
490 974
549 649
649 719
719 428
847 851
584 995
615 795
748 977
754 718
754 959
